91.95681960
91.95788100
91.95872600
91.95902230
91.95935670
91.95989270
91.97065510
91.97082400
91.97113040
91.97115290
91.97130750
91.97146240
91.97919950
91.97978300
91.97999430
91.98008630
91.98011290
91.98083080
91.98402890
91.98526130
91.98530470
91.98531410
91.98535500
91.98563890
91.98683630
91.98703550
91.98708760
91.98708760
91.98711150
91.98883830
110.32822680
110.32959060
110.33034500
110.33062480
110.33087010
110.33177890
110.34873280
110.34898750
110.34947030
110.34965590
110.34979420
110.34985790
110.36392740
110.36408210
110.36435370
110.36446600
110.36452110
110.36469000
110.37398150
110.37486830
110.37498900
110.37504470
110.37504890
110.37609240
110.38001560
110.38134180
110.38136050
110.38137200
110.38140050
110.38202730
110.38293550
110.38346610
110.38349990
110.38349990
110.38351790
110.38521690
128.68784090
128.68943160
128.69011060
128.69037310
128.69056020
128.69174930
128.71630040
128.71688770
128.71735920
128.71754590
128.71766410
128.71804170
128.73936700
128.73956890
128.73960060
128.73966870
128.73979330
128.73985530
128.75632180
128.75686030
128.75703000
128.75710630
128.75712450
128.75773240
128.76829310
128.76936060
128.76943610
128.76946470
128.76947790
128.77068880
128.77547800
128.77686280
128.77687090
128.77688170
128.77690280
128.77787330
128.77846470
128.77934000
128.77936390
128.77936390
128.77937810
128.78105700
147.03521900
147.03583510
147.03608110
147.03622820
147.07129550
147.07214940
147.07260210
147.07278590
147.07288610
147.07352560
147.10334250
147.10342370
147.10373800
147.10386920
147.10391950
147.10392970
147.12880460
147.12902900
147.12923020
147.12931830
147.12934640
147.12958010
147.14817050
147.14895510
147.14906830
147.14912290
147.14912570
147.14999790
147.16200910
147.16319380
147.16324410
147.16325960
147.16327480
147.16458780
147.17031460
147.17173940
147.17174230
147.17175190
147.17176830
147.17308350
147.17334420
147.17457020
147.17458830
147.17458830
147.17459990
147.17626330
165.36477980
165.36534310
165.36557390
165.36569220
165.41151160
165.41258360
165.41301490
165.41319380
165.41327880
165.41413800
165.45370580
165.45405280
165.45436960
165.45450370
165.45455980
165.45479250
165.48917060
165.48922100
165.48939070
165.48943720
165.48948670
165.48951840
165.51740920
165.51792290
165.51806380
165.51812870
165.51814040
165.51869140
165.53934560
165.54029800
165.54037720
165.54041410
165.54041800
165.54145690
165.55502090
165.55628670
165.55632190
165.55633040
165.55634540
165.55772440
165.56442880
165.56588250
165.56588280
165.56589130
165.56590450
165.56748760
165.56756520
165.56906740
165.56908160
165.56908160
165.56909130
165.57074240
183.67595440
183.67647290
183.67668980
183.67678680
183.73601630
183.73642600
183.73659910
183.73667150
183.78849630
183.78906930
183.78938300
183.78951750
183.78956830
183.79001350
183.83509220
183.83510870
183.83532270
183.83538100
183.83542370
183.83545570
183.87380060
183.87406640
183.87422640
183.87429910
183.87431520
183.87458180
183.90525650
183.90597600
183.90607840
183.90612790
183.90613110
183.90689950
183.92973560
183.93080800
183.93086570
183.93089020
183.93089720
183.93204910
183.94722800
183.94855250
183.94857810
183.94858260
183.94859670
183.95002030
183.95772630
183.95920090
183.95920210
183.95920850
183.95921940
183.96080600
183.96122630
183.96274080
183.96275240
183.96275240
183.96276080
183.96440160
201.96707840
202.04067820
202.10661060
202.16484930
202.21537070
202.25815440
202.29318310
202.32044250
202.33992150
202.35161200
202.35550940
220.23503100
220.32363060
220.40390000
220.47580720
220.53932350
220.59442310
220.64108390
220.67928690
220.70901650
220.73026070
220.74301060
220.74726120
238.47822090
238.58316010
238.67911540
238.76604890
238.84392600
238.91271540
238.97238950
239.02292410
239.06429880
239.09649660
239.11950440
239.13331290
239.13791640
256.69455910
256.81716300
256.93013930
257.03344380
257.12703540
257.21087700
257.28493490
257.34917930
257.40358430
257.44812770
257.48279150
257.50756140
257.52242750
257.52738350
274.88197870
275.02355690
275.15487450
275.27588030
275.38652680
275.48677010
275.57657040
275.65589160
275.72470200
275.78297350
275.83068270
275.86781000
275.89434040
275.91026300
275.91557120
293.03843650
293.20028210
293.35124520
293.49126750
293.62029450
293.73827540
293.84516350
293.94091630
294.02549550
294.09886700
294.16100110
294.21187270
294.25146110
294.27975000
294.29672800
294.30238810
311.16191430
311.34530280
311.51719890
311.67753660
311.82625410
311.96329330
312.08860050
312.20212610
312.30382490
312.39365620
312.47158380
312.53757620
312.59160680
312.63365340
312.66369900
312.68173130
312.68774280
329.25042050
329.45660910
329.65070760
329.83264240
330.00234370
330.15974620
330.30478830
330.43741330
330.55756850
330.66520630
330.76028350
330.84276180
330.91260800
330.96979380
331.01429590
331.04609600
331.06518130
331.07154360
347.30199070
347.53221770
347.74976950
347.95456470
348.14652580
348.32557920
348.49165580
348.64469090
348.78462450
348.91140120
349.02497050
349.12528710
349.21231060
349.28600570
349.34634280
349.39329710
349.42684970
349.44698670
349.45369990
365.31468980
365.57017320
365.81240980
366.04130990
366.25678790
366.45876220
366.64715540
366.82189490
366.98291250
367.13014520
367.26353460
367.38302780
367.48857690
367.58013940
367.65767850
367.72116270
367.77056620
367.80586880
367.82705610
367.83411950
383.56854950
383.83668220
384.09091200
384.33114500
384.55729110
384.76926480
384.96698500
385.15037540
385.31936460
385.47388620
385.61387930
385.73928800
385.85006240
385.94615790
386.02753550
386.09416250
386.14601160
386.18306200
386.20529820
386.21271140